[ 21.   20.7  21.6  24.1  26.9  28.9  30.6  29.8  29.1  26.5  22.6  20.8
  20.1  17.2  22.1  24.3  27.6  28.8  29.8  30.5  28.4  27.7  24.7  21.8
  19.6  21.1  22.5  25.7  27.7  29.5  29.   30.6  29.   26.9  23.7  19.
  19.9  19.6  21.5  23.3  26.8  29.2  29.6  30.8  28.6  28.1  25.4  20.2
  17.7  18.1  18.7  21.4  26.5  28.5  29.8  30.   30.6  27.   23.4  19.7
  16.8  16.   18.1  23.2  26.8  28.7  29.9  29.5  29.   27.1  24.3  20.
  17.5  18.6  18.3  20.7  26.   29.1  30.4  30.5  27.9  27.   24.7  20.8
  19.2  19.2  19.6  23.4  27.5  29.4  30.4  30.1  29.5  26.9  23.5  20.3
  20.4  20.8  22.7  24.1  27.4  29.3  30.8  29.6  29.6  28.4  24.8  20.4
  20.4  20.1  19.5  21.5  25.3  29.8  30.9  29.9  29.9  25.8  21.7  20.3
  18.6  17.9  19.8  23.2  27.2  29.   29.3  29.9  30.1  26.6  24.5  21.5
  19.7  18.7  19.1  23.6  26.1  28.5  30.   30.   28.2  26.9  24.6  21.6
  21.1  20.1  22.2  23.8  27.3  29.1  29.   29.1  29.5  27.4  23.7  21.6
  18.4  18.8  20.   23.2  27.   28.9  28.7  30.1  29.5  26.2  22.8  21.5
  19.2  20.1  21.9  23.5  26.9  29.5  30.4  31.4  29.   26.5  24.2  20.2
  19.4  20.6  19.9  23.9  27.1  28.8  29.5  29.1  28.1  27.1  24.7  22.8
  20.3  18.7  19.6  22.5  27.   29.3  30.6  29.8  28.5  26.8  23.3  20.4
  20.   18.2  20.8  22.8  26.3  28.7  30.   28.8  28.1  27.2  24.9  20.8
  19.9  18.8  21.7  24.1  26.7  28.5  29.1  30.   28.3  27.5  24.9  22.6
  21.7  20.1  21.9  24.4  27.2  29.2  29.4  30.6  29.5  27.5  25.   21.
  19.1  20.3  22.5  25.3  27.3  29.6  31.3  30.6  29.9  27.7  24.8  19.5
  19.2  19.1  20.7  24.4  27.6  28.7  29.6  30.2  28.3  27.4  23.7  22.1
  21.1  19.9  21.6  24.8  27.9  29.2  29.4  30.   29.4  28.2  24.1  21.6
  20.2  20.2  22.9  25.6  28.5  29.7  30.2  29.4  28.2  26.7  24.5  22.2
  19.   20.3  22.   22.   28.3  28.3  30.4  29.8  29.   27.6  25.4  21.9
  19.9  19.2  22.5  25.3  29.2  30.4  30.   29.9  29.   27.   24.8  22.1
  19.1  20.5  19.2  22.7  26.5  28.7  29.8  29.1  28.7  27.6  25.3  20.1
  19.2  20.6  21.2  24.5  27.   29.3  30.1  28.7  28.1  27.8  26.1  21.9
  19.1  20.9  22.8  23.7  27.   29.5  30.6  29.8  28.9  27.1  23.5  22.
  19.6  15.8  20.   24.1  27.3  28.7  29.8  30.2  30.2  27.2  25.2  21.3
  18.7  20.6  23.2  24.3  26.8  29.1  29.5  29.3  28.7  26.7  23.7  22.
  20.4  20.4  21.6  23.9  26.8  29.6  31.   30.8  30.7  27.2  23.8  22.4
  17.8  18.2  19.1  21.7  26.   29.3  29.9  29.9  29.2  26.7  24.9  20.6]