[[ 29.5         29.29999924  28.70000076  26.70000076  23.70000076  22.        ]
 [ 29.29999924  28.70000076  26.70000076  23.70000076  22.          20.39999962]
 [ 28.70000076  26.70000076  23.70000076  22.          20.39999962
   20.39999962]
 [ 26.70000076  23.70000076  22.          20.39999962  20.39999962
   21.60000038]
 [ 23.70000076  22.          20.39999962  20.39999962  21.60000038
   23.89999962]
 [ 22.          20.39999962  20.39999962  21.60000038  23.89999962
   26.79999924]
 [ 20.39999962  20.39999962  21.60000038  23.89999962  26.79999924
   29.60000038]
 [ 20.39999962  21.60000038  23.89999962  26.79999924  29.60000038  31.        ]
 [ 21.60000038  23.89999962  26.79999924  29.60000038  31.          30.79999924]
 [ 23.89999962  26.79999924  29.60000038  31.          30.79999924
   30.70000076]
 [ 26.79999924  29.60000038  31.          30.79999924  30.70000076
   27.20000076]
 [ 29.60000038  31.          30.79999924  30.70000076  27.20000076
   23.79999924]]