[[ 30.60000038  29.79999924  29.10000038  26.5         22.60000038
   20.79999924]
 [ 29.79999924  29.10000038  26.5         22.60000038  20.79999924
   20.10000038]
 [ 29.10000038  26.5         22.60000038  20.79999924  20.10000038
   17.20000076]
 ..., 
 [ 24.29999924  26.79999924  29.10000038  29.5         29.29999924
   28.70000076]
 [ 26.79999924  29.10000038  29.5         29.29999924  28.70000076
   26.70000076]
 [ 29.10000038  29.5         29.29999924  28.70000076  26.70000076
   23.70000076]]