label [[ 0.52971101  0.55837333  0.63799119  0.7271632   0.79085743  0.84499753
   0.81951988  0.79722691  0.71442437  0.59022045  0.53289568  0.51060271]
 [ 0.55837333  0.63799119  0.7271632   0.79085743  0.84499753  0.81951988
   0.79722691  0.71442437  0.59022045  0.53289568  0.51060271  0.418246  ]
 [ 0.63799119  0.7271632   0.79085743  0.84499753  0.81951988  0.79722691
   0.71442437  0.59022045  0.53289568  0.51060271  0.418246    0.57429695]
 [ 0.7271632   0.79085743  0.84499753  0.81951988  0.79722691  0.71442437
   0.59022045  0.53289568  0.51060271  0.418246    0.57429695  0.64436054]]
predicted_lable [[ 0.55159533  0.51856035  0.58821559  0.64692378  0.79692435  0.77802026
   0.88426733  0.90550548  0.79263079  0.60949862  0.6168738   0.53639996]
 [ 0.65254331  0.67370331  0.7546885   0.77850151  0.86032987  0.78650522
   0.84104484  0.82576436  0.67096376  0.49703902  0.54445678  0.52966481]
 [ 0.71132147  0.74579775  0.80954218  0.80557907  0.85529274  0.76945555
   0.79270524  0.7562173   0.60601747  0.46646824  0.53324991  0.56488341]
 [ 0.76197636  0.81393564  0.85598111  0.81992173  0.84803689  0.73819733
   0.7215327   0.68928748  0.55500042  0.44869962  0.54913884  0.61185771]]

