label [[ 0.52971101  0.55837333  0.63799119  0.7271632   0.79085743  0.84499753
   0.81951988  0.79722691  0.71442437  0.59022045  0.53289568  0.51060271]
 [ 0.55837333  0.63799119  0.7271632   0.79085743  0.84499753  0.81951988
   0.79722691  0.71442437  0.59022045  0.53289568  0.51060271  0.418246  ]
 [ 0.63799119  0.7271632   0.79085743  0.84499753  0.81951988  0.79722691
   0.71442437  0.59022045  0.53289568  0.51060271  0.418246    0.57429695]
 [ 0.7271632   0.79085743  0.84499753  0.81951988  0.79722691  0.71442437
   0.59022045  0.53289568  0.51060271  0.418246    0.57429695  0.64436054]]
predicted_lable [[ 0.57044059  0.55986607  0.56642026  0.63215911  0.78279996  0.77005285
   0.86022747  0.86420274  0.82127976  0.77715588  0.67299139  0.5759967 ]
 [ 0.65643245  0.66416156  0.69182229  0.75207824  0.8189292   0.78192025
   0.84414828  0.83488417  0.75095594  0.70640171  0.62186301  0.57546204]
 [ 0.68199909  0.67232013  0.68518949  0.72348309  0.77308536  0.73455638
   0.79619396  0.79838252  0.72652709  0.70961547  0.65509355  0.62331301]
 [ 0.63724464  0.64270437  0.65549541  0.69692397  0.7395162   0.6794135
   0.72822487  0.73081642  0.67981935  0.67123008  0.62802136  0.61253613]]

