[[ 20.10000038  17.20000076  22.10000038 ...,  27.70000076  24.70000076
   21.79999924]
 [ 17.20000076  22.10000038  24.29999924 ...,  24.70000076  21.79999924
   19.60000038]
 [ 22.10000038  24.29999924  27.60000038 ...,  21.79999924  19.60000038
   21.10000038]
 ..., 
 [ 26.70000076  23.70000076  22.         ...,  31.          30.79999924
   30.70000076]
 [ 23.70000076  22.          20.39999962 ...,  30.79999924  30.70000076
   27.20000076]
 [ 22.          20.39999962  20.39999962 ...,  30.70000076  27.20000076
   23.79999924]]