[[ 20.39999962  20.39999962  21.60000038  23.89999962  26.79999924
   29.60000038  31.          30.79999924  30.70000076  27.20000076
   23.79999924  22.39999962]
 [ 20.39999962  21.60000038  23.89999962  26.79999924  29.60000038  31.
   30.79999924  30.70000076  27.20000076  23.79999924  22.39999962
   17.79999924]
 [ 21.60000038  23.89999962  26.79999924  29.60000038  31.          30.79999924
   30.70000076  27.20000076  23.79999924  22.39999962  17.79999924
   18.20000076]
 [ 23.89999962  26.79999924  29.60000038  31.          30.79999924
   30.70000076  27.20000076  23.79999924  22.39999962  17.79999924
   18.20000076  19.10000038]
 [ 26.79999924  29.60000038  31.          30.79999924  30.70000076
   27.20000076  23.79999924  22.39999962  17.79999924  18.20000076
   19.10000038  21.70000076]
 [ 29.60000038  31.          30.79999924  30.70000076  27.20000076
   23.79999924  22.39999962  17.79999924  18.20000076  19.10000038
   21.70000076  26.        ]
 [ 31.          30.79999924  30.70000076  27.20000076  23.79999924
   22.39999962  17.79999924  18.20000076  19.10000038  21.70000076  26.
   29.29999924]
 [ 30.79999924  30.70000076  27.20000076  23.79999924  22.39999962
   17.79999924  18.20000076  19.10000038  21.70000076  26.          29.29999924
   29.89999962]
 [ 30.70000076  27.20000076  23.79999924  22.39999962  17.79999924
   18.20000076  19.10000038  21.70000076  26.          29.29999924
   29.89999962  29.89999962]
 [ 27.20000076  23.79999924  22.39999962  17.79999924  18.20000076
   19.10000038  21.70000076  26.          29.29999924  29.89999962
   29.89999962  29.20000076]
 [ 23.79999924  22.39999962  17.79999924  18.20000076  19.10000038
   21.70000076  26.          29.29999924  29.89999962  29.89999962
   29.20000076  26.70000076]
 [ 22.39999962  17.79999924  18.20000076  19.10000038  21.70000076  26.
   29.29999924  29.89999962  29.89999962  29.20000076  26.70000076
   24.89999962]]