[[ 22.31900859  25.00445912  26.83120175  28.03477929  28.86184991
   28.40442685  27.50507933  25.78895678  24.22499042  22.07773123
   20.59766619  19.63883406]
 [ 22.31900859  25.00445912  26.83120175  28.03477929  28.86184991
   28.40442685  27.5050812   25.78895678  24.22499416  22.07773123
   20.59766619  19.63883406]
 [ 22.31900859  25.00445912  26.83120175  28.03477929  28.86184991
   28.40442685  27.5050812   25.78895678  24.22499042  22.07773123
   20.59766619  19.63883406]
 [ 22.31900859  25.00445912  26.83120175  28.03477929  28.86184991
   28.40442685  27.5050812   25.78895678  24.22499416  22.07773123
   20.59766619  19.63883406]
 [ 22.31900859  25.00445912  26.83120175  28.03477929  28.86184991
   28.40442685  27.5050812   25.78895678  24.22499042  22.07773123
   20.59766619  19.63883406]
 [ 22.31900485  25.00445912  26.83120549  28.03477929  28.86184616
   28.40442685  27.5050812   25.78895678  24.22499416  22.07773123
   20.59766245  19.63883406]
 [ 22.31900485  25.00445912  26.83120549  28.03477929  28.86184616
   28.40442685  27.5050812   25.78895678  24.22499416  22.07773123
   20.59766245  19.63883406]
 [ 22.31900485  25.00445912  26.83120549  28.03477929  28.86184616
   28.40442685  27.5050812   25.78895678  24.22499416  22.07773123
   20.59766245  19.63883406]
 [ 22.31900485  25.00445912  26.83120175  28.03477929  28.86184616
   28.40442685  27.5050812   25.78895678  24.22499416  22.07773123
   20.59766245  19.63883406]
 [ 22.31900859  25.00445912  26.83120175  28.03477929  28.86184991
   28.40442685  27.5050812   25.78895678  24.22499042  22.07773123
   20.59766619  19.63883406]
 [ 22.31900859  25.00445912  26.83120175  28.03477929  28.86184991
   28.40442685  27.50507933  25.78895678  24.22499042  22.07773123
   20.59766619  19.63883406]
 [ 22.31900859  25.00445912  26.83120175  28.03477929  28.86184991
   28.40442685  27.50507933  25.78895678  24.22499042  22.07773123
   20.59766619  19.63883406]]