210  -4.7313  -1.5784   295.9737  101788.2301   293.4151
207  -3.8515   0.1812   296.1777  101473.5170   294.2661
216  -2.9043   2.4211   297.0815  101179.6737   295.6767
241  -3.7267   1.1211   298.7840  101103.0769   297.8852
269  -2.2132   2.0725   301.1205  100728.8625   300.5137
289  -2.3451   3.0497   302.1650  100633.7270   301.4359
306   0.4478   4.3175   302.3026  100503.6234   302.4809
298   0.1470   2.8118   301.9594  100301.4743   301.5699
291  -3.4820  -0.2892   301.8052  100922.3528   300.6826
265  -4.4492  -3.5874   300.0395  101455.4224   298.4224
226  -5.7808  -5.4227   298.4098  101766.1391   295.1339
208  -5.7226  -2.7690   296.3945  101928.7686   293.9564
201  -4.6298  -1.6439   295.5808  101713.2984   292.5501
172  -5.1432  -2.4258   295.4223  101803.8825   291.3809
221  -4.3720   2.5019   296.4358  101332.8674   296.3129
243  -2.7238   3.1855   298.3150  101102.0778   298.1643
276  -2.0541   2.0884   300.9058  100782.1472   300.5598
288  -2.9040   4.0634   301.9873  100791.8051   301.9494
298   0.3692   3.4934   301.6575  100484.0856   302.0205
305  -0.6866   3.5106   302.1575  100577.1119   302.1363
284  -5.2250  -1.8640   301.4931  100880.1690   300.6240
277  -6.2269  -2.5648   301.2822  101277.9175   299.6669
247  -5.5555  -3.6199   299.1079  101550.0028   296.9114
218  -5.9779  -3.9688   296.8309  101777.3511   293.9229
196  -6.3602  -2.8794   295.3254  101947.1963   292.4817
211  -4.6072   0.6062   295.7730  101571.2057   293.8574
225  -3.4615   2.8722   296.8625  101439.5479   296.8416
257  -2.1335   3.9212   299.2616  101109.5155   299.9599
277  -2.1388   1.6390   301.1687  100872.3983   300.1761
295  -1.1891   2.0334   301.4321  100431.2449   301.2169
290  -0.1623   3.9384   302.2876  100446.0092   301.8322
306  -0.2744   2.2503   302.7079  100275.3870   302.2758
290  -1.7858   0.2811   302.1575  100862.9625   301.1025
269  -4.4214  -1.6936   300.1343  101233.0695   298.9191
237  -6.3863  -4.2293   298.5843  101603.9536   295.9348
190  -5.0025  -5.3327   295.4255  102118.1515   291.8148
199  -5.4423  -2.5794   294.2353  101889.8041   292.3868
196  -4.8452  -0.9954   294.1186  101622.0482   292.1622
215  -3.9012   1.6476   296.3903  101337.7518   295.4018
233  -3.4502   0.6141   296.9337  101256.6036   296.7328
268  -1.5203   2.4485   300.0106  100868.8460   300.0198
292  -1.1468   1.8629   302.1650  100515.1684   301.5727
296   0.6343   3.4759   302.2785  100327.1176   302.1935
308   0.6551   3.3808   302.3219  100472.2076   302.0191
286  -3.8533   0.0937   302.0408  100797.5776   300.9016
281  -5.0060  -1.3045   300.9304  101286.5763   299.6404
254  -6.2374  -3.2098   299.1920  101529.6880   297.0411
202  -4.0762  -4.5646   296.8293  101928.5466   291.7548
177  -4.6545  -3.7487   294.7188  102079.7421   290.8047
181  -4.3544  -1.8882   293.9457  101657.9044   292.0269
187  -3.1103  -0.2285   294.6652  101448.6507   293.5169
214  -2.2879   4.3474   296.9985  101039.3572   297.9452
265  -0.9141   3.9664   300.3693  100794.4693   300.8179
285  -1.1045   4.4655   301.5632  100581.1083   302.0945
298  -1.1888   5.1379   302.3251  100551.5797   302.4837
300  -0.3262   1.4761   303.0961  100617.7416   301.9298
306  -1.3344   1.2999   302.5853  100839.0953   301.7973
270  -6.2255  -2.8943   300.7976  101118.3963   299.5036
234  -6.0301  -4.8505   298.2101  101825.8624   295.6222
197  -5.8358  -4.1565   295.5952  101992.1553   292.1552
168  -4.2521  -4.1568   293.0168  101858.8324   289.3147
160  -5.2568  -2.5883   292.8492  101703.8625   290.2717
181  -4.2310   1.8187   295.2734  101338.5289   294.5577
232  -3.1477   2.8976   298.4612  100932.2326   298.4907
268  -1.7498   1.5324   300.0791  100734.5240   299.7715
287   0.5236   3.8621   301.8711  100281.0485   301.6675
299  -0.1806   4.2752   301.7940  100484.6407   301.9340
295  -0.1577  -0.4142   302.0060  100134.5154   301.2002
290  -3.3328   0.4732   301.7319  100921.5757   300.4872
271  -5.6835  -3.4322   300.3698  101251.8302   298.9986
243  -5.5713  -3.7636   298.7712  101626.2666   296.6686
200  -5.5622  -3.8072   296.7672  101747.1564   292.4859
175  -5.3418  -3.4102   295.0373  101889.3601   291.2442
186  -4.4990   0.2137   296.1119  101147.9249   293.4053
183  -4.7574  -1.6271   296.3496  101598.4031   293.0133
207  -3.8342   0.2318   297.0124  100998.8386   296.1859
260  -1.5682   2.9953   300.9068  100763.0535   301.0565
291  -0.1654   1.3734   301.6371  100132.9613   301.5211
304  -0.0290   4.0615   302.0226  100604.4204   301.7959
305   1.8097   2.4886   302.2710  100175.3671   301.4904
279  -3.5652  -1.5641   300.3286  100774.4876   299.9473
270  -5.5537  -2.4131   299.7911  101243.5044   299.1758
247  -6.1458  -3.4315   298.9848  101551.3349   297.0411
208  -5.6954  -4.4319   296.9241  101826.4175   293.1932
192  -5.7473  -3.0502   294.3734  101938.0934   291.4702
192  -5.6619  -1.9429   293.8852  101705.5277   291.4130
196  -3.5518   1.4958   294.6385  101334.3105   293.7722
234  -3.3473   2.9985   297.7330  101182.4490   298.4335
275  -1.5400   0.6265   300.4421  100594.7625   300.3240
294   0.0846   4.3446   302.1109  100369.0794   301.7959
304   0.3988   4.3163   302.2866  100484.4187   301.9898
301  -0.9109   0.4936   302.5842  100340.7718   301.9982
295  -2.8402  -0.5924   301.6446  100896.4875   300.8583
269  -5.6429  -2.8212   299.9180  101399.6954   298.7391
235  -5.4758  -5.3788   297.8514  101660.6797   295.2121
203  -5.6563  -3.1055   295.8661  101966.7340   293.4290
204  -5.5851  -2.4951   295.1155  102032.1188   293.0942
208  -4.8474   0.5989   295.3602  101863.3838   294.0848
227  -2.2534   5.0774   297.0697  101259.0458   297.0146
241  -2.8638   2.2153   298.4355  101226.7419   297.8936
274  -0.7148   5.3198   300.9684  100880.3910   301.1723
293  -0.0960   3.3744   302.2148  100497.2958   301.9396
308   0.5028   5.0456   303.0532  100426.1385   302.5688
296  -2.3162   4.2174   302.0258  100668.8061   302.0149
296  -3.4492  -0.9531   302.4258  100952.5475   301.3592
284  -3.9168  -0.8064   301.9626  101252.3852   300.2124
248  -6.2322  -4.8957   300.0052  101471.8518   296.9267
204  -4.7165  -5.6944   296.0053  102103.4982   292.1204
204  -5.2994  -2.5129   295.0234  101754.1500   293.2477
201  -5.8256  -1.7479   295.4148  101701.1983   292.9421
195  -3.7940  -0.1878   296.1210  101296.3452   293.7583
215  -4.2253  -0.6102   297.9145  101263.1532   297.0746
253  -1.2399   3.9381   301.4867  100696.1146   302.0429
298  -0.5346   3.9021   302.7711  100503.2903   302.3526
309   0.0856   4.1553   302.7818  100543.9200   302.6023
299   0.7987   4.6643   302.3021  100587.4359   301.7750
299  -2.8338  -1.0339   302.1200  100790.6950   301.4945
258  -7.3666  -3.9662   300.0085  100944.8878   298.3638
217  -6.3975  -5.8668   297.8562  101801.7733   294.8577
203  -6.0269  -4.1708   295.8468  101970.2863   293.1960
