	210	-0.425629	-0.233297	-0.390157	0.667617	-0.382823
	207	-0.233874	0.0812937	-0.35034	0.350556	-0.254734
	216	-0.0274294	0.481755	-0.173936	0.054521	-0.0424155
	241	-0.206674	0.249334	0.15836	-0.0226472	0.29
	269	0.123198	0.41943	0.6144	-0.399653	0.685632
	289	0.0944498	0.594139	0.818267	-0.495499	0.824438
	306	0.70317	0.820803	0.845124	-0.626573	0.981727
	298	0.63761	0.551606	0.778138	-0.83023	0.844607
	291	-0.153341	-0.00280693	0.748041	-0.20472	0.711054
	265	-0.364145	-0.592477	0.40341	0.332327	0.370857
	226	-0.65437	-0.920601	0.0853234	0.645362	-0.124116
	208	-0.641686	-0.446159	-0.308025	0.809204	-0.301349
	201	-0.403507	-0.245007	-0.466844	0.592127	-0.51302
	172	-0.515404	-0.3848	-0.49778	0.683387	-0.689003
	221	-0.347319	0.496201	-0.299964	0.208858	0.053343
	243	0.0119111	0.618418	0.0668202	-0.0236538	0.332009
	276	0.157874	0.422273	0.572495	-0.345971	0.692571
	288	-0.027364	0.775374	0.783583	-0.336241	0.901728
	298	0.686039	0.673466	0.719213	-0.646256	0.91243
	305	0.455925	0.676542	0.816803	-0.552536	0.929859
	284	-0.533232	-0.284358	0.687125	-0.247218	0.702234
	277	-0.751599	-0.409651	0.645961	0.153498	0.558175
	247	-0.605266	-0.598287	0.221579	0.427613	0.143427
	218	-0.697329	-0.660665	-0.222848	0.656657	-0.306391
	196	-0.780652	-0.465897	-0.516693	0.827769	-0.523315
	211	-0.398581	0.157277	-0.42933	0.448974	-0.31625
	225	-0.148873	0.562405	-0.21668	0.316334	0.132921
	257	0.140569	0.749951	0.251579	-0.0161606	0.602276
	277	0.139413	0.341927	0.623808	-0.255047	0.634817
	295	0.346403	0.41244	0.675219	-0.699491	0.791475
	290	0.570197	0.753026	0.842196	-0.684617	0.884087
	306	0.545765	0.451218	0.924231	-0.856512	0.950856
	290	0.216351	0.0991543	0.816803	-0.264553	0.774256
	269	-0.358086	-0.253893	0.421913	0.108315	0.445618
	237	-0.786341	-0.707239	0.119382	0.481966	-0.00356724
	190	-0.484738	-0.904511	-0.497155	1	-0.623694
	199	-0.580593	-0.412261	-0.72946	0.769949	-0.537599
	196	-0.450454	-0.129065	-0.752237	0.500196	-0.571405
	215	-0.244706	0.343465	-0.308845	0.213778	-0.0837924
	233	-0.14641	0.15869	-0.202783	0.132025	0.116545
	268	0.274217	0.486654	0.397769	-0.258625	0.611292
	292	0.355623	0.381957	0.818267	-0.614942	0.845028
	296	0.743818	0.670338	0.84042	-0.804395	0.938469
	308	0.748352	0.653335	0.848891	-0.658223	0.912219
	286	-0.234267	0.06565	0.794026	-0.330426	0.744017
	281	-0.485501	-0.184328	0.577297	0.162221	0.554186
	254	-0.753888	-0.524967	0.237994	0.407146	0.162949
	202	-0.282848	-0.767186	-0.22316	0.808981	-0.632725
	177	-0.40889	-0.621315	-0.63509	0.961304	-0.775731
	181	-0.343483	-0.288685	-0.785984	0.536319	-0.59177
	187	-0.0723276	0.00804534	-0.645551	0.325505	-0.367501
	214	0.106917	0.826149	-0.190136	-0.0868423	0.299031
	265	0.40634	0.758032	0.46778	-0.333557	0.731419
	285	0.364842	0.847264	0.700807	-0.54851	0.923568
	298	0.346469	0.967479	0.849515	-0.578259	0.982149
	300	0.534475	0.312803	1	-0.511603	0.898778
	306	0.314735	0.281301	0.900302	-0.288598	0.878834
	270	-0.751294	-0.468561	0.551377	-0.00721352	0.533595
	234	-0.708706	-0.8183	0.0463457	0.70553	-0.0506186
	197	-0.666358	-0.694223	-0.464033	0.873064	-0.572459
	168	-0.321186	-0.694277	-0.967288	0.738746	-1
	160	-0.540163	-0.413852	-1	0.58262	-0.855956
	181	-0.316587	0.374055	-0.526842	0.214561	-0.210843
	232	-0.0804791	0.566946	0.0953557	-0.194766	0.381137
	268	0.224197	0.322868	0.411139	-0.39395	0.573919
	287	0.719691	0.739385	0.760903	-0.850808	0.859297
	299	0.566209	0.813241	0.745855	-0.645697	0.89941
	295	0.5712	-0.0251551	0.787233	-0.998434	0.788961
	290	-0.120822	0.133499	0.733734	-0.205502	0.681643
	271	-0.633164	-0.564729	0.467878	0.127216	0.457585
	243	-0.608709	-0.623979	0.155862	0.504446	0.106882
	200	-0.606726	-0.631774	-0.235281	0.626237	-0.522683
	175	-0.558689	-0.560796	-0.572924	0.769502	-0.709579
	186	-0.374999	0.0871042	-0.363183	0.0225354	-0.384298
	183	-0.431318	-0.242004	-0.316788	0.476374	-0.443301
	207	-0.230104	0.0903402	-0.187423	-0.127663	0.0342274
	260	0.263777	0.584413	0.57269	-0.365207	0.767332
	291	0.569521	0.294442	0.715231	-1	0.837262
	304	0.59925	0.775034	0.790473	-0.525024	0.878624
	305	1	0.493823	0.838956	-0.957278	0.832641
	279	-0.171474	-0.23074	0.459837	-0.353688	0.600379
	270	-0.604873	-0.382529	0.354927	0.118828	0.484256
	247	-0.733923	-0.564604	0.197552	0.428955	0.162949
	208	-0.635757	-0.743461	-0.204657	0.70609	-0.416223
	192	-0.647069	-0.496433	-0.702505	0.818599	-0.675562
	192	-0.628456	-0.298464	-0.797793	0.584298	-0.684172
	196	-0.168554	0.316325	-0.650763	0.210311	-0.329074
	234	-0.123982	0.584986	-0.0467751	0.057317	0.372528
	275	0.269924	0.160907	0.48199	-0.534754	0.657079
	294	0.62401	0.825649	0.807708	-0.76212	0.878624
	304	0.69249	0.820589	0.842001	-0.645921	0.907809
	301	0.407038	0.137146	0.900087	-0.790639	0.909073
	295	-0.0134586	-0.0570146	0.716695	-0.230778	0.7375
	269	-0.624315	-0.455491	0.379695	0.276184	0.418526
	235	-0.587895	-0.912753	-0.0236657	0.539115	-0.112345
	203	-0.627235	-0.50632	-0.411158	0.847453	-0.380731
	204	-0.611717	-0.397189	-0.557661	0.913325	-0.431124
	208	-0.450933	0.155972	-0.509901	0.743332	-0.282022
	227	0.114436	0.956662	-0.176239	0.134485	0.15896
	241	-0.0186023	0.444961	0.0903395	0.10194	0.291264
	274	0.449778	1	0.584713	-0.246994	0.784762
	293	0.584647	0.652191	0.827987	-0.632948	0.900253
	308	0.715158	0.950977	0.991627	-0.704636	0.994958
	296	0.100749	0.802907	0.791098	-0.460158	0.911587
	296	-0.146192	-0.121503	0.86917	-0.1743	0.812893
	284	-0.248107	-0.0952747	0.778762	0.127775	0.640281
	248	-0.752754	-0.826382	0.396715	0.348879	0.14573
	204	-0.422403	-0.969177	-0.383989	0.985237	-0.577696
	204	-0.549448	-0.400372	-0.575638	0.633283	-0.40802
	201	-0.664135	-0.263601	-0.499244	0.579936	-0.454017
	195	-0.221342	0.0153219	-0.361407	0.172063	-0.331166
	215	-0.315345	-0.060197	-0.0113498	0.138623	0.167991
	253	0.335331	0.752972	0.685876	-0.432645	0.915801
	298	0.489053	0.746536	0.936566	-0.626908	0.962416
	309	0.624228	0.791804	0.938655	-0.585975	1
	299	0.77965	0.882806	0.845026	-0.542135	0.875478
	299	-0.0120637	-0.135948	0.809484	-0.33736	0.833258
	258	-1	-0.660201	0.397359	-0.182016	0.362037
	217	-0.788782	-1	-0.0227288	0.681262	-0.165688
	203	-0.708009	-0.69678	-0.414925	0.851032	-0.415801
