 21.0000
 20.7000
 21.6000
 24.1000
 26.9000
 28.9000
 30.6000
 29.8000
 29.1000
 26.5000
 22.6000
 20.8000
 20.1000
 17.2000
 22.1000
 24.3000
 27.6000
 28.8000
 29.8000
 30.5000
 28.4000
 27.7000
 24.7000
 21.8000
 19.6000
 21.1000
 22.5000
 25.7000
 27.7000
 29.5000
 29.0000
 30.6000
 29.0000
 26.9000
 23.7000
 19.0000
 19.9000
 19.6000
 21.5000
 23.3000
 26.8000
 29.2000
 29.6000
 30.8000
 28.6000
 28.1000
 25.4000
 20.2000
 17.7000
 18.1000
 18.7000
 21.4000
 26.5000
 28.5000
 29.8000
 30.0000
 30.6000
 27.0000
 23.4000
 19.7000
 16.8000
 16.0000
 18.1000
 23.2000
 26.8000
 28.7000
 29.9000
 29.5000
 29.0000
 27.1000
 24.3000
 20.0000
 17.5000
 18.6000
 18.3000
 20.7000
 26.0000
 29.1000
 30.4000
 30.5000
 27.9000
 27.0000
 24.7000
 20.8000
 19.2000
 19.2000
 19.6000
 23.4000
 27.5000
 29.4000
 30.4000
 30.1000
 29.5000
 26.9000
 23.5000
 20.3000
 20.4000
 20.8000
 22.7000
 24.1000
 27.4000
 29.3000
 30.8000
 29.6000
 29.6000
 28.4000
 24.8000
 20.4000
 20.4000
 20.1000
 19.5000
 21.5000
 25.3000
 29.8000
 30.9000
 29.9000
 29.9000
 25.8000
 21.7000
 20.3000
 18.6000
 17.9000
 19.8000
 23.2000
 27.2000
 29.0000
 29.3000
 29.9000
 30.1000
 26.6000
 24.5000
 21.5000
 19.7000
 18.7000
 19.1000
 23.6000
 26.1000
 28.5000
 30.0000
 30.0000
 28.2000
 26.9000
 24.6000
 21.6000
 21.1000
 20.1000
 22.2000
 23.8000
 27.3000
 29.1000
 29.0000
 29.1000
 29.5000
 27.4000
 23.7000
 21.6000
 18.4000
 18.8000
 20.0000
 23.2000
 27.0000
 28.9000
 28.7000
 30.1000
 29.5000
 26.2000
 22.8000
 21.5000
 19.2000
 20.1000
 21.9000
 23.5000
 26.9000
 29.5000
 30.4000
 31.4000
 29.0000
 26.5000
 24.2000
 20.2000
 19.4000
 20.6000
 19.9000
 23.9000
 27.1000
 28.8000
 29.5000
 29.1000
 28.1000
 27.1000
 24.7000
 22.8000
 20.3000
 18.7000
 19.6000
 22.5000
 27.0000
 29.3000
 30.6000
 29.8000
 28.5000
 26.8000
 23.3000
 20.4000
 20.0000
 18.2000
 20.8000
 22.8000
 26.3000
 28.7000
 30.0000
 28.8000
 28.1000
 27.2000
 24.9000
 20.8000
 19.9000
 18.8000
 21.7000
 24.1000
 26.7000
 28.5000
 29.1000
 30.0000
 28.3000
 27.5000
 24.9000
 22.6000
 21.7000
 20.1000
 21.9000
 24.4000
 27.2000
 29.2000
 29.4000
 30.6000
 29.5000
 27.5000
 25.0000
 21.0000
 19.1000
 20.3000
 22.5000
 25.3000
 27.3000
 29.6000
 31.3000
 30.6000
 29.9000
 27.7000
 24.8000
 19.5000
 19.2000
 19.1000
 20.7000
 24.4000
 27.6000
 28.7000
 29.6000
 30.2000
 28.3000
 27.4000
 23.7000
 22.1000
 21.1000
 19.9000
 21.6000
 24.8000
 27.9000
 29.2000
 29.4000
 30.0000
 29.4000
 28.2000
 24.1000
 21.6000
 20.2000
 20.2000
 22.9000
 25.6000
 28.5000
 29.7000
 30.2000
 29.4000
 28.2000
 26.7000
 24.5000
 22.2000
 19.0000
 20.3000
 22.0000
 22.0000
 28.3000
 28.3000
 30.4000
 29.8000
 29.0000
 27.6000
 25.4000
 21.9000
 19.9000
 19.2000
 22.5000
 25.3000
 29.2000
 30.4000
 30.0000
 29.9000
 29.0000
 27.0000
 24.8000
 22.1000
 19.1000
 20.5000
 19.2000
 22.7000
 26.5000
 28.7000
 29.8000
 29.1000
 28.7000
 27.6000
 25.3000
 20.1000
 19.2000
 20.6000
 21.2000
 24.5000
 27.0000
 29.3000
 30.1000
 28.7000
 28.1000
 27.8000
 26.1000
 21.9000
 19.1000
 20.9000
 22.8000
 23.7000
 27.0000
 29.5000
 30.6000
 29.8000
 28.9000
 27.1000
 23.5000
 22.0000
 19.6000
 15.8000
 20.0000
 24.1000
 27.3000
 28.7000
 29.8000
 30.2000
 30.2000
 27.2000
 25.2000
 21.3000
 18.7000
 20.6000
 23.2000
 24.3000
 26.8000
 29.1000
 29.5000
 29.3000
 28.7000
 26.7000
 23.7000
 22.0000
 20.4000
 20.4000
 21.6000
 23.9000
 26.8000
 29.6000
 31.0000
 30.8000
 30.7000
 27.2000
 23.8000
 22.4000
 17.8000
 18.2000
 19.1000
 21.7000
 26.0000
 29.3000
 29.9000
 29.9000
 29.2000
 26.7000
 24.9000
 20.6000
