196.516693115
183.292541504
187.452728271
171.708190918
235.19934082
280.97088623
301.537231445
301.99710083
293.342285156
282.458557129
243.818969727
242.078155518
195.619445801
181.037109375
186.279266357
176.489807129
230.022949219
272.192443848
301.567382812
301.87802124
293.491607666
280.513946533
259.193511963
250.356079102
204.234619141
189.598205566
189.45791626
200.409332275
222.869384766
281.25402832
302.102752686
301.802307129
293.14666748
281.873626709
262.212036133
231.522033691
201.689331055
177.029693604
184.97064209
199.026794434
219.359893799
282.272003174
301.732879639
301.653289795
293.760803223
281.520843506
238.243774414
219.196746826
203.09161377
169.06072998
189.495544434
198.712890625
213.045410156
282.963256836
302.108154297
301.849639893
293.352935791
279.760284424
247.369689941
232.170379639
180.408538818
182.451263428
193.958618164
169.921783447
223.031799316
287.713439941
301.879119873
301.95803833
293.03024292
274.277709961
261.166320801
242.089172363
199.318939209
180.747161865
183.090789795
185.533721924
224.910247803
283.680053711
302.144805908
302.196228027
292.674407959
276.440582275
256.027557373
226.446258545
187.097869873
187.645202637
159.744384766
193.735015869
189.22543335
272.382843018
302.311676025
302.137329102
292.457672119
277.511505127
262.03793335
236.502197266
194.325805664
187.745330811
161.296112061
199.305084229
210.068267822
273.398284912
302.444122314
301.990112305
293.148895264
280.652526855
270.87701416
257.488922119
210.797698975
195.035705566
187.746582031
213.147979736
230.746734619
284.935272217
302.528411865
302.353912354
293.071868896
282.385467529
266.918121338
248.889892578
