189.476242065
167.98626709
171.63381958
187.614822388
228.58921814
262.022186279
277.528259277
292.147033691
298.755462646
297.639465332
251.893920898
229.889282227
189.547348022
171.58972168
172.899215698
191.732650757
236.754074097
257.686279297
287.471832275
295.067749023
307.80480957
287.476470947
263.322814941
235.670120239
202.818450928
182.253387451
178.254959106
205.355834961
230.835754395
278.956604004
293.338195801
286.145751953
290.280151367
298.161376953
262.467010498
221.234848022
192.964569092
163.812255859
167.206069946
193.797210693
232.4322052
270.391723633
282.703063965
278.733825684
306.665100098
296.618591309
254.275878906
214.219345093
199.182525635
164.061248779
176.218002319
197.886749268
228.736587524
277.619293213
299.216094971
297.823242188
297.464324951
286.270629883
258.664916992
231.952835083
186.3722229
171.650268555
184.615020752
186.186386108
246.729675293
285.718200684
286.73739624
288.113983154
292.240844727
277.353546143
262.782104492
234.84828186
208.745437622
173.775970459
167.746490479
195.293273926
239.935882568
273.36126709
294.108337402
295.09576416
283.613128662
280.781097412
262.332885742
224.792434692
191.486083984
173.090652466
157.878143311
190.555023193
213.087341309
260.269561768
293.308990479
296.582580566
293.500244141
275.771728516
269.84375
237.322845459
195.17767334
171.746795654
164.332901001
201.706573486
238.564086914
270.101226807
292.766693115
289.178833008
303.438690186
278.66217041
274.878540039
240.96786499
203.772750854
188.716461182
193.425201416
207.36517334
254.63470459
284.062561035
296.666564941
299.47366333
306.573547363
292.574981689
277.536315918
243.822723389
