193.358444214
181.039901733
188.605300903
185.112838745
222.341690063
269.48638916
291.49017334
296.774963379
312.452758789
295.805053711
249.036331177
216.092849731
196.753952026
184.030593872
187.294631958
198.910568237
221.473587036
256.002624512
292.675720215
296.048950195
314.821960449
296.557006836
263.836242676
228.670791626
202.338119507
191.229690552
190.37336731
224.192520142
216.113723755
267.987854004
294.063232422
295.346557617
312.388977051
299.822265625
268.809265137
212.379074097
200.92918396
176.235427856
185.393417358
216.334915161
221.641891479
270.065490723
291.123413086
293.204650879
314.251281738
302.555358887
240.97895813
203.337020874
204.273330688
172.067306519
190.671005249
200.918014526
214.771865845
271.94342041
293.635498047
293.391235352
313.91607666
300.29107666
257.434204102
222.270004272
178.518539429
183.748886108
194.496810913
180.99180603
234.777359009
274.133911133
293.597290039
296.42199707
314.643737793
294.606079102
267.754821777
229.359298706
198.106460571
184.050491333
182.38508606
195.724105835
232.090621948
272.736206055
294.139282227
296.59362793
310.489501953
292.509765625
265.877258301
218.698501587
183.89125061
188.884719849
156.62437439
202.711227417
199.190536499
265.665710449
293.534790039
296.650390625
311.912597656
291.335388184
268.144165039
228.458236694
194.989517212
188.675552368
162.787887573
209.387130737
225.564682007
266.0625
295.936157227
295.866760254
315.143737793
293.157226562
275.15637207
246.632217407
204.437515259
196.487960815
189.087081909
218.973678589
244.400222778
271.54699707
295.29296875
296.769836426
314.800231934
296.68560791
274.18572998
235.973312378
